3 0.5865764241398759 0.6472081218274113 0.14438804286520024 0.1573604060913705
3 0.494077834179357 0.4517766497461929 0.07670614777213756 0.06091370558375637
3 0.34743372814438805 0.4238578680203045 0.06316976875352509 0.045685279187817326
3 0.08121827411167513 0.366751269035533 0.09024252679075015 0.0482233502538071
0 0.5730400451212634 0.3756345177664975 0.036097010716300136 0.04060913705583758
0 0.943034404963339 0.4796954314720812 0.08121827411167516 0.06598984771573597
1 0.21658206429780036 0.6129441624365483 0.07219402143260016 0.08883248730964467
4 0.08798646362098139 0.3134517766497462 0.10377890580936266 0.053299492385786774
4 0.6880992667794698 0.41116751269035534 0.13085166384658764 0.1116751269035533
4 0.7332205301748449 0.5406091370558376 0.18499717992103767 0.1269035532994924
