4 0.7151720248166948 0.7880710659898478 0.25719120135363793 0.2664974619289342
0 0.36322617033276927 0.9010152284263958 0.20304568527918782 0.19796954314720822
4 0.5595036661026509 0.5583756345177665 0.12633953750705026 0.12182741116751267
4 0.7625493513818387 0.5507614213197969 0.12633953750705018 0.12690355329949227
0 0.9137055837563451 0.5126903553299492 0.07670614777213772 0.06598984771573604
3 0.18274111675126903 0.5786802030456853 0.11280315848843767 0.1116751269035533
3 0.30456852791878175 0.4961928934010152 0.08573040045121268 0.08375634517766492
3 0.2707275803722504 0.7182741116751268 0.18048505358150027 0.16751269035532984
1 0.45572476029328823 0.5444162436548223 0.06316976875352509 0.08883248730964467
1 0.6587704455724761 0.4771573604060913 0.03609701071629999 0.03045685279187815
4 0.47377326565143824 0.4352791878172589 0.054145516074450055 0.053299492385786774
