1 0.31696755277742816 0.9430157571459655 0.1267870211109713 0.1125700887769753
1 0.11000638596393095 0.7482904727943952 0.10814187094759312 0.10907412845576218
1 0.9210704180708794 0.9643411503125392 0.11932896104561991 0.0629273818014012
1 0.6786834659469639 0.6906070394764443 0.07458060065351234 0.0985862314888621
1 0.885644632760461 0.6937534085665144 0.06339351055548575 0.08809833452196159
0 0.6917350710613285 0.5857280698074423 0.11559993101294452 0.07761043755506136
4 0.46426423906811537 0.4850442589252005 0.1305160511436469 0.09858623148886188
3 0.7346189164370981 0.4944833661954105 0.11187090098026871 0.04614674665436077
3 0.3337481879244685 0.5290934261861813 0.10814187094759312 0.06922011998154126
4 0.4788318053022451 0.3717791493628303 0.07131537525778128 0.047278273329377285
2 0.39096107507390754 0.3810915365337682 0.06876839757000333 0.03438419878500163
3 0.3120047667527927 0.439831209458146 0.06876839757000333 0.03151884888625148
3 0.9169119676000439 0.449143596629084 0.09169119676000434 0.032951523835626585
3 0.8214003043083727 0.40186532329970676 0.07895630832111479 0.0243554741393762
3 0.7679137728650369 0.42622079743908287 0.07895630832111479 0.030086173936876435
4 0.5590616024672489 0.4190574226922075 0.06367444219444734 0.04154757353187705
1 0.4966606491166904 0.4190574226922075 0.02546977687777897 0.027220824038126354
0 0.29035545640668053 0.396850960976894 0.04075164300444637 0.02578814908875117
0 0.7424439959872577 0.37607717421095543 0.022922799190001227 0.018624774341875892
