4 0.4376762549351382 0.8401015228426396 0.2707275803722504 0.3197969543147208
3 0.41737168640721944 0.6142131979695431 0.07670614777213763 0.06598984771573597
3 0.5143824027072759 0.5215736040609137 0.054145516074450055 0.03299492385786799
2 0.1887078923217262 0.46483434215170305 0.09030193620303463 0.06512158860795758
1 0.3797312189050686 0.5149779653798305 0.018523474092930103 0.02995593075966063
1 0.5522310713954809 0.5091170224051143 0.011577171308081304 0.02604863544318306
3 0.5221304259944693 0.46874163746818054 0.034731513924244055 0.02083890835454646
3 0.45035196388436494 0.46874163746818054 0.03010064540101155 0.018234044810228126
0 0.4972492780503736 0.4698685152554208 0.029328878687267378 0.020621867826984896
3 0.8232022585461205 0.563440076728734 0.10167767105072897 0.047803681165641265
3 0.967372090632975 0.6203492188026334 0.06525581873405002 0.06430732865481331
3 0.7260773190349764 0.5105145725810597 0.04704489257571055 0.04438913251095272
0 0.8345840873950827 0.5075268425082071 0.0333866979569558 0.024755477746492716
0 0.7822276746898567 0.5028318381080102 0.031869120777094084 0.023901840582820667
4 0.9172920436975412 0.5561841608375206 0.004552731539585011 0.002560911491016568
4 0.8914932316398938 0.5292945901818473 0.06829097309377317 0.047803681165641265
4 0.9529551074242896 0.48718182126977566 0.09408978515142082 0.05064913403605864
4 0.7465646109631083 0.45630861268787726 0.048562469755571984 0.03158457505587016
0 0.47719466153766943 0.4567354312697134 0.025798812057647637 0.02048729192813205
1 0.45898373537932996 0.450333152542172 0.016693348978477972 0.012804557455082417
4 0.43697886627133625 0.4490526967966638 0.027316389237509283 0.023901840582820598
4 0.959784204733667 0.5348432317457165 0.05311520129515685 0.036706398037903085
3 0.7670519028912404 0.48106409043437 0.03793942949654053 0.016219106109771175
