3 0.293288212069938 0.6027918781725888 0.11731528482797522 0.13959390862944163
3 0.07896221094190638 0.7436548223350254 0.15792442188381275 0.21827411167512692
1 0.7399887196841513 0.7170050761421319 0.07219402143260012 0.11421319796954321
1 0.83248730964467 0.5989847715736041 0.06768189509306254 0.08121827411167516
1 0.7693175408911449 0.5038071065989848 0.04060913705583758 0.043147208121827416
1 0.34066553863508175 0.4593908629441624 0.040609137055837505 0.05076142131979694
1 0.39255499153976314 0.416243654822335 0.03609701071630006 0.040609137055837505
3 0.6023688663282571 0.549492385786802 0.11280315848843771 0.10406091370558372
4 0.6113931190073323 0.43401015228426393 0.08573040045121261 0.0964467005076142
4 0.6790750141003948 0.8959390862944163 0.347433728144388 0.20812182741116744
4 0.9263959390862945 0.7918781725888325 0.14720812182741114 0.2944162436548224
4 0.4263959390862944 0.5101522842639594 0.08573040045121261 0.1269035532994924
0 0.8708403835307388 0.48477157360406087 0.09024252679075019 0.04568527918781726
