2 0.8564579808234631 0.7538071065989849 0.2870840383530738 0.3197969543147208
3 0.25042301184433163 0.7817258883248732 0.17597292724196278 0.21319796954314726
1 0.4512126339537507 0.7626903553299493 0.054145516074450055 0.11928934010152276
3 0.14438804286520024 0.6053299492385787 0.1443880428652002 0.1192893401015229
1 0.3948110547095319 0.5609137055837564 0.04060913705583758 0.06598984771573597
0 0.40383530738860685 0.48984771573604063 0.058657642413987576 0.04568527918781719
4 0.5324309080654258 0.4733502538071066 0.10829103214890011 0.083756345177665
4 0.649746192893401 0.4644670050761421 0.06316976875352509 0.06091370558375637
3 0.3248730964467005 0.41878172588832485 0.06316976875352516 0.0355329949238579
4 0.08347433728144388 0.35786802030456855 0.058657642413987604 0.02538071065989847
2 0.5527354765933447 0.3819796954314721 0.06768189509306254 0.0482233502538071
1 0.338409475465313 0.4644670050761421 0.045121263395375026 0.03553299492385783
1 0.7264523406655387 0.467005076142132 0.036097010716300136 0.04060913705583758
0 0.8843767625493514 0.5253807106598984 0.07219402143259998 0.055837563451776616
0 0.4015792442188381 0.4873096446700508 0.06316976875352509 0.040609137055837505
