4 0.5166384658770445 0.5913705583756346 0.17597292724196278 0.16751269035533
3 0.29780033840947545 0.7360406091370558 0.16243654822335027 0.15228426395939096
3 0.09926677946982515 0.5076142131979695 0.16243654822335024 0.07106598984771566
2 0.4073059360206807 0.41711797813532686 0.08209266927548604 0.0852500796322355
4 0.49781836624749787 0.3981735159948299 0.0694630278484869 0.05446532865392804
4 0.4346701591125093 0.36087660615572703 0.056833386421490314 0.03433683762965046
4 0.6356919518255584 0.47987150897572234 0.06735808761065513 0.056833386421490314
4 0.5725437446905691 0.42067006478666996 0.05051856570799146 0.04262503981611772
3 0.7925099995441149 0.43606244027582364 0.0610432668971562 0.030784750978307258
3 0.8325038640629415 0.4277742380893562 0.0610432668971562 0.03315280874586939
3 0.757778485619871 0.39817351599483003 0.05893832665932322 0.02604863544318306
1 0.5599141032635713 0.49348784113920446 0.05051856570799146 0.03907295316477466
0 0.8967045413168472 0.4046856748556259 0.04630868523232536 0.022496548791839856
