2 0.4624929498025945 0.66497461928934 0.25719120135363793 0.32487309644670054
4 0.8429216018048505 0.8388324873096447 0.3141567963902989 0.3223350253807106
3 0.16694867456288776 0.8248730964467005 0.2617033276931754 0.17766497461928935
1 0.8099266779469826 0.6345177664974619 0.07670614777213772 0.07106598984771573
1 0.6204173716864072 0.5406091370558376 0.031584884376762545 0.0609137055837563
1 0.4594747748751333 0.4795127482239367 0.03922345639177962 0.040974503552127006
1 0.407643778928853 0.4487818705598416 0.03081843002211258 0.03309479133056414
3 0.7144272414217011 0.4897563741119686 0.1064636673491161 0.04255044599643959
3 0.7452456714438136 0.41411113678496486 0.044826807304891074 0.03624667621918931
3 0.8138867201294281 0.3959877986753702 0.05323183367455812 0.02206319422037609
3 0.34040356797151644 0.39992765478615167 0.03642178093522396 0.026791021553313855
0 0.11907120690361683 0.47793680577962405 0.08124858824011501 0.053582043106627494
3 0.9334263307901535 0.6257460254825837 0.13314733841969315 0.09149314101944463
0 0.45925968825446717 0.3501902125299034 0.022962984412723486 0.011840288837810463
2 0.6898463233988977 0.370103425575312 0.08993835561649988 0.04090281598516349
