3 0.595600676818951 0.6307106598984773 0.09024252679075019 0.05329949238578685
3 0.4015792442188381 0.6281725888324873 0.06316976875352509 0.04822335025380703
3 0.5595036661026509 0.552030456852792 0.054145516074450055 0.03299492385786806
0 0.4895657078398195 0.5558375634517766 0.04060913705583758 0.025380710659898612
2 0.17146080090242527 0.49619289340101524 0.09024252679075012 0.06345177664974627
4 0.41060349689791314 0.5304568527918782 0.06316976875352509 0.0355329949238579
3 0.47828539199097575 0.501269035532995 0.03609701071630006 0.012690355329949199
3 0.9204737732656514 0.5875634517766497 0.09024252679075019 0.053299492385786774
3 0.8347433728144388 0.5901015228426396 0.08121827411167516 0.053299492385786774
3 0.7648054145516074 0.550761421319797 0.07670614777213756 0.04568527918781726
3 0.6926113931190073 0.5215736040609137 0.0586576424139875 0.03299492385786799
3 0.934010152284264 0.5456852791878173 0.06316976875352509 0.03553299492385783
3 0.8482797518330514 0.5380710659898477 0.07219402143260012 0.0355329949238579
3 0.939932318104907 0.6649746192893402 0.12013536379018604 0.08121827411167523
