0 0.5098702763677383 0.7385786802030456 0.09024252679075012 0.08629441624365483
1 0.4421883812746757 0.6967005076142132 0.03609701071629999 0.053299492385786774
1 0.6159052453468697 0.680203045685279 0.04060913705583758 0.04060913705583758
3 0.47828539199097575 0.6027918781725888 0.05414551607445013 0.043147208121827346
3 0.5640157924421884 0.5862944162436549 0.045121263395375026 0.03553299492385783
3 0.5166384658770445 0.5736040609137056 0.04963338973491254 0.03045685279187815
2 0.1308516638465877 0.5380710659898478 0.09926677946982515 0.08121827411167509
3 0.6835871404399324 0.7855329949238578 0.16694867456288776 0.083756345177665
4 0.3609701071630006 0.6357868020304569 0.08121827411167509 0.058375634517766596
3 0.9447149620552454 0.5742582093044446 0.06567035485984818 0.02955165968693166
1 0.331166218078949 0.5795352913913967 0.035649621209631874 0.0295516596869318
1 0.33456583981044913 0.49338854150104394 0.014495861957714667 0.012683879213000395
4 0.4156352900184087 0.4912745616322105 0.02523353748194765 0.021139798688333825
1 0.46127041099639926 0.49036857025985325 0.01342209440529139 0.008455919475333574
3 0.48596706470213535 0.4955025213698772 0.022012234824677818 0.012683879213000253
0 0.6908200941879619 0.5189324719112232 0.020817299183985654 0.020873867931768403
3 0.7074890330103051 0.5689109442919097 0.048875398084140625 0.025965055232199604
3 0.6722655449152788 0.5464248833335522 0.047065198155098215 0.022910342851940796
0 0.2694960607033806 0.4993314008045627 0.021722399148506887 0.012218849521035153
3 0.23555481203383866 0.5064590630251665 0.040729498403450394 0.019346511741638962
3 0.7480883907212521 0.5602176994991553 0.05475950325275306 0.02310166543475539
3 0.7607411547304126 0.5993038506135157 0.05683372686081559 0.03266902182692682
4 0.8251608218372775 0.5771484498689786 0.07075157595015509 0.04257434948163359
3 0.5077726426228463 0.5377293474910975 0.03932796840718202 0.01966398420359112
0 0.9042086002825356 0.5421146235164265 0.032940204017578766 0.020381751235876707
3 0.8852679829724278 0.5763930233222193 0.0510573162272469 0.03705772951977614
4 0.8209274855255486 0.5146808043771951 0.06042913868412223 0.03239804407967436
1 0.8608201591099988 0.530215932071143 0.009914155565364747 0.01619902203983769
1 0.8799292270353993 0.5465349484951836 0.005516797661664157 0.009930235790995142
