4 0.5888324873096447 0.6040609137055838 0.17597292724196278 0.19796954314720822
4 0.7941342357586012 0.6091370558375634 0.14438804286520024 0.11675126903553285
0 0.3745064861816131 0.7614213197969542 0.11731528482797515 0.15228426395939082
1 0.2188381274675691 0.6814720812182742 0.049633389734912575 0.08375634517766492
3 0.2436548223350254 0.48984771573604063 0.08121827411167516 0.06598984771573604
1 0.3880428652002256 0.48223350253807096 0.027072758037225027 0.040609137055837505
1 0.2978003384094755 0.44796954314720805 0.045121263395375096 0.03299492385786799
3 0.356457980823463 0.4048223350253807 0.06316976875352516 0.03299492385786799
1 0.7219402143260012 0.5114213197969544 0.03609701071629999 0.03299492385786806
1 0.9272419627749577 0.6142131979695431 0.04963338973491261 0.06091370558375637
0 0.8911449520586578 0.5291878172588832 0.10377890580936266 0.05837563451776653
4 0.5369430344049634 0.45050761421319796 0.045121263395375165 0.06852791878172582
2 0.5752961082910322 0.4022842639593909 0.08573040045121261 0.05837563451776646
1 0.45798082346305696 0.4517766497461929 0.04060913705583758 0.03045685279187822
