2 0.5707839819514947 0.8629441624365483 0.5188945290468133 0.27411167512690354
1 0.7016356457980824 0.7119289340101522 0.07670614777213756 0.07868020304568532
1 0.4624929498025945 0.6180203045685279 0.1037789058093626 0.06345177664974613
1 0.7399887196841511 0.5609137055837564 0.036097010716300136 0.06598984771573597
1 0.4225667527449697 0.4446466496832362 0.034731513924244124 0.03777052139261542
1 0.44919424675355685 0.40231761708806374 0.009261737046465086 0.028653498987501465
3 0.32416079662627817 0.4316223319616446 0.055570422278790554 0.040375384936933684
3 0.9423817444778229 0.47525379632897624 0.09724823898788344 0.04167781670909292
3 0.9099656648151949 0.4426930020249975 0.06946302784848811 0.03907295316477452
3 0.8127174258273115 0.4120858553792574 0.05093955375555808 0.024746203671023963
3 0.7351503780631664 0.37431533398664185 0.03010064540101155 0.01693161303806896
0 0.485083477808609 0.3821299246195969 0.02083890835454646 0.01693161303806896
0 0.46308685232325447 0.3704080386701645 0.018523474092930172 0.01693161303806896
2 0.6517947446449807 0.35998858449289123 0.06714759358687196 0.04298024848125209
3 0.8532375254055964 0.38864208348039253 0.048624119493941576 0.01693161303806896
3 0.7814590632954918 0.36975682278408484 0.034731513924244124 0.015629181265909793
