3 0.338409475465313 0.9492385786802031 0.21658206429780036 0.10152284263959388
3 0.6091370558375635 0.6954314720812182 0.1353637901861252 0.09137055837563451
1 0.3587140439932318 0.6269035532994924 0.04963338973491261 0.055837563451776547
1 0.586576424139876 0.5951776649746193 0.03609701071629999 0.0482233502538071
3 0.5076142131979696 0.49365482233502533 0.04060913705583758 0.027918781725888308
2 0.1443880428652002 0.44923857868020306 0.10829103214890017 0.055837563451776685
3 0.8482797518330514 0.583756345177665 0.10829103214890026 0.07106598984771573
3 0.7715736040609137 0.5304568527918782 0.08121827411167516 0.0355329949238579
3 0.6903553299492386 0.49873096446700516 0.045121263395375165 0.02284263959390863
0 0.4470596165080514 0.46805604746304824 0.03162945511394397 0.025069937434063546
3 0.4039285413526732 0.4931259848971118 0.037380265134661105 0.028304768070716902
3 0.4837210303901229 0.46279944767848646 0.03881796763984042 0.021026399138246818
3 0.4456219140028722 0.4413686947106579 0.02300324008286836 0.0137480302057768
3 0.49097540551872176 0.44519356636941937 0.03019175260876466 0.012130614887450193
1 0.3709272463362525 0.44600227402858267 0.020127835072509797 0.015365445524103549
4 0.3960870401768898 0.4548980582793794 0.02731634759840631 0.02992218338904358
1 0.053913843944222745 0.48603330315716803 0.027316347598406204 0.025878645093226852
1 0.9129410907888384 0.524042563137845 0.011501620041434108 0.022643814456573638
0 0.8583083955920262 0.511911948250395 0.03738026513466124 0.02911347572988035
0 0.8108642129211102 0.51797725569412 0.05463269519681233 0.034774429344023756
4 0.8762796769067671 0.46433297891296843 0.11357849790916262 0.050409439974548394
4 0.7756405015442179 0.4868420108163313 0.06182120772270878 0.03720055232151367
0 0.7030365250326648 0.47430704209929964 0.028754050103585626 0.02345252211573694
3 0.6333079535314698 0.46500690401892114 0.030191752608764517 0.029113475729880278
3 0.702317673780075 0.45287628913147104 0.0301917526087648 0.01617415318326678
1 0.7828290140701145 0.4585372427456144 0.010063917536254933 0.01617415318326678
0 0.4198091315123479 0.43023247467489756 0.01437702505179267 0.016174153183266853
0 0.27747658349959975 0.42457152106075413 0.01725243006215127 0.01940898381992021
