4 0.24420476445510736 0.6905340302293927 0.25856975059952525 0.22477938546435847
3 0.6098589572221133 0.6089964100119304 0.11230807349272333 0.07639560813167791
0 0.1457946751741225 0.4455294766975287 0.11270017835545657 0.05131883121543078
0 0.45974517202146603 0.539614000592486 0.06082231847754805 0.050312579622971754
3 0.5724453503769229 0.5315639878528106 0.07871123567682681 0.03622505732853966
3 0.525934165658798 0.48829516937705464 0.05724453503769265 0.03823756051345816
3 0.740601172050144 0.509426452818703 0.0715556687971152 0.03823756051345849
1 0.8014234905276918 0.49131392415443303 0.032200050958701924 0.03421255414362072
1 0.7280789300106485 0.473704521286393 0.025044484078990337 0.023143786626567006
0 0.9024958727036173 0.4661576343429472 0.037566726118485716 0.02616254140394524
1 0.964099148378742 0.4912709382551257 0.02318042955819891 0.02770785720628453
1 0.3821003541395527 0.417205500687209 0.01099685360580402 0.01623754165232029
3 0.2658176177766173 0.41604567628347183 0.036857440616332046 0.01546432538316203
3 0.6721423679926377 0.4666913419133278 0.04123820102176566 0.02706256942053372
3 0.45977598673547576 0.4132054115566497 0.02369588929855098 0.014598360371428712
3 0.4326949703942748 0.4047954865600657 0.01918238657501739 0.011107448108695763
3 0.47388068274651796 0.40320870825882354 0.0203107622559007 0.011107448108695692
1 0.48375396995424735 0.41748971297000365 0.009591193287508659 0.01174215942919261
0 0.3024143459435746 0.40588540636373815 0.02146053124271861 0.018107323236044522
0 0.666830674545886 0.4423321980055174 0.03549241705526498 0.017643032896657758
1 0.6944817436470805 0.4367607139328886 0.014857290860343398 0.01578587153911478
4 0.41537435102836745 0.4814506291499859 0.07293321762983979 0.06879566009122379
4 0.3450661041433335 0.55347794931911 0.10478447141525316 0.04776274936277154
