4 0.7269357119810109 0.9101712806741833 0.5461285760379782 0.17965743865163347
1 0.8531101765212077 0.8124628491268036 0.09805864097944905 0.1040122013246301
4 0.8979369838260988 0.6816596262488598 0.18771225558923121 0.1512904746540073
4 0.5449258763000817 0.43180822974164584 0.11486869371878335 0.0945565466587545
4 0.6513895436491981 0.4696308484051477 0.05883518458766957 0.056733927995252745
4 0.44126388440752123 0.38137807152364345 0.07004188641389227 0.05043015821800246
4 0.40624294120057514 0.34513139530445414 0.039223456391779765 0.02206319422037609
2 0.40624294120057514 0.44677968296261533 0.10646366734911623 0.10558814376894261
2 0.9062429412005751 0.4286563448530207 0.18751411759884973 0.08825277688150429
0 0.23693939537610056 0.4259834863817813 0.04586270991521875 0.028466509602549622
0 0.7770123414466945 0.3908451385911341 0.04111829164812704 0.020460303776832518
3 0.7169163767302009 0.3886211925284349 0.03479240062533833 0.021349882201912182
3 0.2804298961577736 0.37483272693969993 0.028466509602549622 0.018681146926673123
1 0.39034225267872896 0.37527751615223975 0.011070309289880455 0.016012411651434137
3 0.7809660233359377 0.5254680057887008 0.1312622387228677 0.04596154970013501
4 0.5326748006914772 0.35615158001302677 0.030047982358246798 0.022239460626991985
