4 0.8322517027471509 0.8722383460395795 0.30849248452134714 0.24789574649036822
3 0.7390259519302602 0.6491321741982481 0.16272131051675445 0.09153073716567448
3 0.8136065525837727 0.5881116827544652 0.14916120130702495 0.06864805287425582
3 0.2762872251482395 0.49562750040998166 0.08475068256080963 0.04004469750998261
3 0.5746096277622894 0.48704649380069975 0.07119057335108003 0.041951587867600754
3 0.7051256789059362 0.498487835946409 0.07458060065351248 0.041951587867600754
1 0.48138387694539875 0.5108826232709274 0.054240436838918174 0.04004469750998261
1 0.45256864487472354 0.4822792679066542 0.016950136512161932 0.032417136079509704
1 0.510553254686388 0.4649681426608177 0.030100645401011476 0.028653498987501393
1 0.28132526278637704 0.5392067536738894 0.03936238244747667 0.04688754379772952
1 0.1759730038828367 0.4890631304457621 0.027785211139395295 0.02995593075966049
3 0.5684391112267948 0.44022193898979384 0.0393623824474767 0.031258362531819656
3 0.39362382447476635 0.39724169050854174 0.032416079662627835 0.015629181265909863
0 0.5140264060788123 0.4324073483568388 0.04167781670909285 0.02604863544318313
3 0.4816103264161846 0.4096147923440537 0.02778521113939526 0.016931613038069032
4 0.442247943968708 0.4037538493693375 0.032416079662627766 0.023443771898864724
3 0.5109264031830948 0.39297918652692987 0.026790148481510557 0.016145848415196083
3 0.7596920676542644 0.440878536825345 0.04592596882544655 0.025833357464313807
3 0.8649390795459132 0.47478481849725684 0.06888895323816996 0.03982642609081708
3 0.7395994562931315 0.4048194753647404 0.040185222722265906 0.024756967569967328
2 0.6295684893154987 0.37252777853434815 0.05740746103180833 0.031215306936045836
1 0.8352785580128121 0.4268854681988417 0.021049402378329772 0.021527797886928254
1 0.8113587825828921 0.4258090783044953 0.015308656275148706 0.025833357464313807
3 0.8725934076834874 0.409125034942126 0.05740746103180839 0.018298628203888896
4 0.9386119878700674 0.44249312166686466 0.06314820713498918 0.03767364630212427
4 0.9630868523232544 0.5060001254333026 0.07382629535349111 0.06565978355513082
