3 0.6576652966718829 0.8903538044369526 0.14916120130702495 0.12394787324518418
3 0.3288326483359414 0.9542346314171628 0.15594125591188976 0.09153073716567434
3 0.09831079177053921 0.9313519471257443 0.16950136512161934 0.09153073716567434
3 0.5627445322037761 0.6996647686751308 0.0542404368389181 0.036230916794746264
1 0.8186915935374212 0.8217057515626968 0.06441051874621535 0.06674116251663748
1 0.1898415289362136 0.8426815454964972 0.054240436838918174 0.07055494323187403
1 0.05254542318770197 0.7215940077877405 0.023730191117026695 0.030510245721891493
1 0.09661577811932298 0.7111061108208402 0.03729030032675623 0.04385847822521896
0 0.6830531071768003 0.6985770414308186 0.056833386421490106 0.03788892428099345
0 0.2420681273507921 0.7731708611090246 0.07577784856198708 0.06867367525930092
2 0.2999539838911989 0.7068652436172858 0.13261123498347743 0.07814590632954932
3 0.43888003958817523 0.7033131569659425 0.04841362547015841 0.03315280874586918
