4 0.1940214326001128 0.8223350253807107 0.21658206429780033 0.1928934010152284
0 0.4467005076142132 0.5913705583756346 0.11731528482797522 0.12690355329949227
0 0.4827975183305132 0.7157360406091371 0.09926677946982515 0.10152284263959388
0 0.3135927805978568 0.6637055837563451 0.04963338973491254 0.083756345177665
3 0.8009024252679074 0.8362944162436549 0.22109419063733796 0.13451776649746194
3 0.6384658770445573 0.6522842639593908 0.09475465313028764 0.07106598984771573
2 0.18274111675126903 0.4644670050761421 0.11280315848843767 0.07614213197969534
3 0.4334263307901534 0.5139930686265035 0.04401238679105312 0.025833357464313665
1 0.39419789908508435 0.465017328433742 0.01530865627514892 0.018298628203888966
1 0.5338893875958182 0.4644791334865688 0.015308656275148848 0.01722223830954249
3 0.4889202097875682 0.46232635369787595 0.036358058653478624 0.019375018098235445
3 0.8419760951331898 0.5565104694531866 0.10716059392604223 0.05704866440035957
0 0.8993835561649983 0.5242187726227943 0.042098804756659544 0.031215306936045836
0 0.8496304232707643 0.5204514079925819 0.03827164068787226 0.021527797886928185
3 0.7003710245880626 0.4865451263206701 0.04592596882544669 0.02690974735866014
4 0.7864822161357751 0.4617881587507027 0.06506178916938282 0.03982642609081708
3 0.9166057944745407 0.4989236101056538 0.06506178916938268 0.025833357464313877
3 0.5118831942002916 0.44026036086377457 0.028703730515904198 0.011840288837810463
3 0.46213006130605755 0.44133675075812095 0.024876566447116916 0.011840288837810534
3 0.2879940961762388 0.44079855581094773 0.032530894584691446 0.012916678732156796
