2 0.7106598984771574 0.5266497461928934 0.19402143260011273 0.12436548223350258
3 0.15341229554427524 0.5862944162436549 0.11731528482797521 0.09644670050761427
3 0.3745064861816131 0.7106598984771574 0.15341229554427527 0.15228426395939096
3 0.11280315848843768 0.8832487309644671 0.1895093062605753 0.23350253807106597
1 0.8753525098702764 0.7106598984771574 0.07219402143260012 0.09137055837563451
1 0.631697687535251 0.7411167512690355 0.08121827411167516 0.0964467005076142
1 0.4715172024816695 0.6154822335025381 0.04963338973491254 0.06852791878172582
1 0.667794698251551 0.6713197969543149 0.036097010716300136 0.06852791878172595
1 0.45346869712351945 0.4784263959390863 0.04060913705583758 0.03807106598984774
3 0.38578680203045684 0.5063451776649747 0.08573040045121261 0.07868020304568525
3 0.30005640157924424 0.4644670050761421 0.07670614777213763 0.045685279187817326
2 0.5346869712351946 0.41370558375634514 0.06768189509306267 0.055837563451776616
4 0.05188945290468133 0.37944162436548223 0.08573040045121263 0.05837563451776653
3 0.0676818950930626 0.43908629441624364 0.04512126339537507 0.0355329949238579
0 0.4376762549351382 0.416243654822335 0.045121263395375026 0.03045685279187822
0 0.8888888888888888 0.5215736040609137 0.09926677946982508 0.053299492385786774
