4 0.08573040045121263 0.6053299492385787 0.15341229554427524 0.1598984771573604
4 0.9106034968979131 0.8464467005076142 0.17879300620417368 0.30203045685279195
4 0.5888324873096448 0.6878172588832487 0.16694867456288776 0.1878172588832487
2 0.6091370558375635 0.4441624365482234 0.11731528482797515 0.07106598984771573
3 0.4647490129723632 0.5736040609137056 0.09926677946982508 0.09137055837563444
3 0.30456852791878175 0.5279187817258884 0.07670614777213763 0.08121827411167516
3 0.41737168640721944 0.5076142131979695 0.058657642413987576 0.0609137055837563
3 0.27975183305132545 0.45685279187817257 0.07219402143260012 0.04060913705583758
3 0.09475465313028765 0.866751269035533 0.1895093062605753 0.24111675126903548
1 0.6880992667794698 0.5304568527918782 0.058657642413987646 0.04568527918781726
1 0.5211505922165821 0.48984771573604063 0.031584884376762545 0.055837563451776685
3 0.43090806542583193 0.4302030456852792 0.04963338973491261 0.03299492385786806
3 0.3609701071630006 0.41243654822335024 0.05414551607445013 0.043147208121827416
0 0.897913141567964 0.532994923857868 0.09926677946982508 0.06091370558375644
